ボウリングのスコアを計算し、各フレームでそのフレームまでのスコアを出力する。
1行目は投げた回数、2行目は倒したピンの数が入力される。
不正な値は入力されないものとする。

入力例1
20
0 0 0 0 0 0 0 0 0 0 0 0 0 0 0 0 0 0 0 0
出力例1
0 0 0 0 0 0 0 0 0 0
入力例2
12
10 10 10 10 10 10 10 10 10 10 10 10
出力例2
30 60 90 120 150 180 210 240 270 300
入力例3
19
6 2 0 3 5 5 0 8 10 1 9 3 6 6 4 10 5 5 3
出力例3
8 11 21 29 49 62 71 91 111 124
入力例4
21
1 9 1 9 1 9 1 0 1 9 1 9 1 9 0 1 1 9 1 9 4
出力例4
11 22 33 34 45 56 66 67 78 92
入力例5
20
1 9 2 8 3 7 4 6 10 0 0 6 4 7 3 8 2 9 1 2
出力例5
12 25 39 59 69 69 86 104 123 135